(2470,27.20002108222066)
(4037,24.650021082220658)
(2237,22.100021082220657)
(1186,20.400021082220658)
(6774,17.00002108222066)
(665,16.150039002108223)
(2285,14.45002108222066)
(8293,13.812539002108224)
(4261,12.75002108222066)
(15,11.900021082220661)
(2654,11.050039002108223)
(214,11.05002108222066)
(4191,10.20002108222066)
(2643,8.500039002108222)
(28,8.500039002108222)
(5423,8.457556921995783)
(4875,7.6500390021082225)
(7131,7.65002108222066)
(4247,7.65002108222066)
(1855,7.65002108222066)
(2625,7.5225569219957835)
(1726,6.885039002108222)
(922,6.800056921995784)
(8178,6.800021082220661)
(1080,6.800021082220661)
(2328,6.800021082220661)
(6634,6.672539002108222)
(7553,6.290039002108222)
(4796,6.290039002108222)
(7620,5.950021082220661)
(5484,5.950021082220661)
(1842,5.950021082220661)
(1464,5.950021082220661)
(5254,5.950021082220661)
(6400,5.950021082220661)
(762,5.950021082220661)
(6327,5.950021082220661)
(4666,5.950021082220661)
(6156,5.950021082220661)
(4041,5.950021082220661)
(4110,5.695056921995783)
(55,5.695039002108222)
(282,5.5675569219957834)
(2785,5.10002108222066)
(1908,5.10002108222066)
(4402,5.10002108222066)
(7478,5.10002108222066)
(3192,5.10002108222066)
(4201,5.10002108222066)
(3755,5.10002108222066)
(1277,5.10002108222066)
(3586,5.10002108222066)
(95,5.10002108222066)
(6148,5.10002108222066)
(5231,5.10002108222066)
(2535,5.10002108222066)
(1723,5.10002108222066)
(941,5.10002108222066)
(1412,4.972539002108222)
(5404,4.845039002108222)
(1211,4.4625390021082225)
(3352,4.250039002108222)
(7021,4.250039002108222)
(6555,4.250021082220661)
(2151,4.250021082220661)
(299,4.250021082220661)
(1062,4.250021082220661)
(3348,4.250021082220661)
(6296,4.250021082220661)
(5543,4.250021082220661)
(402,4.250021082220661)
(4600,4.250021082220661)
(4310,4.250021082220661)
(5288,4.250021082220661)
(1157,4.250021082220661)
(1744,4.250021082220661)
(2397,4.250021082220661)
(1849,4.250021082220661)
(7450,4.250021082220661)
(6665,4.250021082220661)
(2576,4.250021082220661)
(6458,4.250021082220661)
(1026,4.250021082220661)
(4099,4.250021082220661)
(1297,4.250021082220661)
(1319,4.250021082220661)
(7378,4.250021082220661)
(771,4.250021082220661)
(5130,4.250021082220661)
(7803,4.250021082220661)
(3562,4.250021082220661)
(5162,4.250021082220661)
(3235,4.250021082220661)
(5375,4.250021082220661)
(5022,4.250021082220661)
(863,4.122539002108222)
(1031,3.8675390021082223)
(2185,3.740056921995784)
(5479,3.740039002108223)
(7763,3.4000390021082225)
(1111,3.4000390021082225)
(3307,3.4000390021082225)
(1717,3.4000390021082225)
(7092,3.4000390021082225)
(524,3.4000390021082225)
(2657,3.4000390021082225)
(715,3.4000390021082225)
(5210,3.4000390021082225)
(2398,3.4000210822206607)
(8002,3.4000210822206607)
(756,3.4000210822206607)
(2182,3.4000210822206607)
(4808,3.4000210822206607)
(4384,3.4000210822206607)
(2565,3.4000210822206607)
(737,3.4000210822206607)
(6784,3.4000210822206607)
(2594,3.4000210822206607)
(3650,3.4000210822206607)
(8291,3.4000210822206607)
(4735,3.4000210822206607)
(5222,3.4000210822206607)
(7890,3.4000210822206607)
(4791,3.4000210822206607)
(8287,3.4000210822206607)
(6560,3.4000210822206607)
(8134,3.4000210822206607)
(2517,3.4000210822206607)
(567,3.4000210822206607)
(2880,3.4000210822206607)
(6780,3.4000210822206607)
(5140,3.4000210822206607)
(2339,3.4000210822206607)
(3136,3.4000210822206607)
(6600,3.4000210822206607)
(7233,3.4000210822206607)
(739,3.4000210822206607)
(4480,3.4000210822206607)
(86,3.4000210822206607)
(2095,3.4000210822206607)
(1701,3.4000210822206607)
(72,3.4000210822206607)
(5321,3.4000210822206607)
(6832,3.4000210822206607)
(4687,3.4000210822206607)
(1385,3.4000210822206607)
(3018,3.4000210822206607)
(5092,3.4000210822206607)
(6691,3.4000210822206607)
(5482,3.4000210822206607)
(2871,3.4000210822206607)
(3334,3.4000210822206607)
(230,3.4000210822206607)
(3537,3.4000210822206607)
(5432,3.4000210822206607)
(6914,3.4000210822206607)
(4828,3.272539002108222)
(4349,3.272539002108222)
(5963,3.272539002108222)
(6739,3.145039002108222)
(5179,2.5500390021082224)
(5459,2.5500390021082224)
(2877,2.5500390021082224)
(5596,2.5500390021082224)
(3117,2.5500390021082224)
(5305,2.5500390021082224)
(7214,2.5500390021082224)
(6946,2.5500390021082224)
(1550,2.5500210822206606)
(2251,2.5500210822206606)
(1044,2.5500210822206606)
(417,2.5500210822206606)
(5819,2.5500210822206606)
(2256,2.5500210822206606)
(4977,2.5500210822206606)
(4884,2.5500210822206606)
(2490,2.5500210822206606)
(608,2.5500210822206606)
(6044,2.5500210822206606)
(1811,2.5500210822206606)
(2144,2.5500210822206606)
(2651,2.5500210822206606)
(4175,2.5500210822206606)
(407,2.5500210822206606)
(2354,2.5500210822206606)
(2963,2.5500210822206606)
(1049,2.5500210822206606)
(4179,2.5500210822206606)
(2544,2.5500210822206606)
(334,2.5500210822206606)
(33,2.5500210822206606)
(714,2.5500210822206606)
(3056,2.5500210822206606)
(644,2.5500210822206606)
(6123,2.5500210822206606)
(4453,2.5500210822206606)
(6299,2.5500210822206606)
(1193,2.5500210822206606)
(7225,2.5500210822206606)
(3910,2.5500210822206606)
(151,2.5500210822206606)
(549,2.5500210822206606)
(7871,2.5500210822206606)
(5818,2.5500210822206606)
(1199,2.5500210822206606)
(4994,2.5500210822206606)
(565,2.5500210822206606)
(6059,2.5500210822206606)
(6000,2.5500210822206606)
(7835,2.5500210822206606)
(8141,2.5500210822206606)
(6709,2.5500210822206606)
(3516,2.5500210822206606)
(3034,2.5500210822206606)
(3748,2.5500210822206606)
(825,2.5500210822206606)
(6523,2.5500210822206606)
(5714,2.5500210822206606)
(6006,2.5500210822206606)
(1977,2.5500210822206606)
(152,2.5500210822206606)
(7238,2.5500210822206606)
(3371,2.5500210822206606)
(2774,2.5500210822206606)
(8295,2.5500210822206606)
(3265,2.5500210822206606)
(7860,2.5500210822206606)
(7115,2.5500210822206606)
(271,2.5500210822206606)
(1307,2.5500210822206606)
(1384,2.5500210822206606)
(3480,2.5500210822206606)
(1402,2.5500210822206606)
(3587,2.5500210822206606)
(2273,2.5500210822206606)
(1963,2.5500210822206606)
(8121,2.5500210822206606)
(1390,2.5500210822206606)
(935,2.5500210822206606)
(2550,2.5500210822206606)
(6907,2.5500210822206606)
(7927,2.5500210822206606)
(993,2.5500210822206606)
(2114,2.5500210822206606)
(5096,2.5500210822206606)
(5697,2.5500210822206606)
(5680,2.5500210822206606)
(4557,2.5500210822206606)
(2433,2.5500210822206606)
(477,2.5500210822206606)
(1441,2.5500210822206606)
(4507,2.5500210822206606)
(2587,2.5500210822206606)
(34,2.5500210822206606)
(3030,2.5500210822206606)
(39,2.5500210822206606)
(5524,2.5500210822206606)
(3443,2.5500210822206606)
(5378,2.5500210822206606)
(4373,2.5500210822206606)
(1646,2.422539002108222)
(3898,2.422539002108222)
(153,2.422539002108222)
(8051,2.422539002108222)
(5445,2.295039002108222)
(50,2.0591792340126496)
(6218,1.7000390021082221)
(1859,1.7000390021082221)
(5545,1.7000390021082221)
(7649,1.7000390021082221)
(5891,1.7000390021082221)
(5384,1.7000210822206605)
(1596,1.7000210822206605)
(1310,1.7000210822206605)
(2787,1.7000210822206605)
(2790,1.7000210822206605)
(6833,1.7000210822206605)
(259,1.7000210822206605)
(2917,1.7000210822206605)
(2972,1.7000210822206605)
(2297,1.7000210822206605)
(3713,1.7000210822206605)
(6770,1.7000210822206605)
(3148,1.7000210822206605)
(1473,1.7000210822206605)
(175,1.7000210822206605)
(6227,1.7000210822206605)
(5693,1.7000210822206605)
(2290,1.7000210822206605)
(978,1.7000210822206605)
(560,1.7000210822206605)
(1563,1.7000210822206605)
(2859,1.7000210822206605)
(1534,1.7000210822206605)
(3645,1.7000210822206605)
(4448,1.7000210822206605)
(232,1.7000210822206605)
(1267,1.7000210822206605)
(3460,1.7000210822206605)
(6442,1.7000210822206605)
(1360,1.7000210822206605)
(5245,1.7000210822206605)
(6432,1.7000210822206605)
(5563,1.7000210822206605)
(2822,1.7000210822206605)
(5437,1.7000210822206605)
(4338,1.7000210822206605)
(2770,1.7000210822206605)
(6255,1.7000210822206605)
(8076,1.7000210822206605)
(5760,1.7000210822206605)
(4361,1.7000210822206605)
(5262,1.7000210822206605)
(4256,1.7000210822206605)
(2685,1.7000210822206605)
(4098,1.7000210822206605)
(144,1.7000210822206605)
(1428,1.7000210822206605)
(4792,1.7000210822206605)
(974,1.7000210822206605)
(5327,1.7000210822206605)
(1746,1.7000210822206605)
(6280,1.7000210822206605)
(789,1.7000210822206605)
(4335,1.7000210822206605)
(3634,1.7000210822206605)
(155,1.7000210822206605)
(6737,1.7000210822206605)
(5079,1.7000210822206605)
(5812,1.7000210822206605)
(2508,1.7000210822206605)
(975,1.7000210822206605)
(2923,1.7000210822206605)
(6496,1.7000210822206605)
(1580,1.7000210822206605)
(3631,1.7000210822206605)
(1259,1.7000210822206605)
(3024,1.7000210822206605)
(5509,1.7000210822206605)
(8249,1.7000210822206605)
(3970,1.7000210822206605)
(7912,1.7000210822206605)
(5804,1.7000210822206605)
(2593,1.7000210822206605)
(3260,1.7000210822206605)
(4500,1.7000210822206605)
(2932,1.7000210822206605)
(838,1.7000210822206605)
(1613,1.7000210822206605)
(2831,1.7000210822206605)
(3238,1.7000210822206605)
(1661,1.7000210822206605)
(2323,1.7000210822206605)
(2747,1.7000210822206605)
(1296,1.7000210822206605)
(5732,1.7000210822206605)
(7050,1.7000210822206605)
(2946,1.7000210822206605)
(7778,1.7000210822206605)
(656,1.7000210822206605)
(2851,1.7000210822206605)
(6424,1.7000210822206605)
(8174,1.7000210822206605)
(7467,1.7000210822206605)
(4824,1.7000210822206605)
(1159,1.7000210822206605)
(1453,1.7000210822206605)
(797,1.7000210822206605)
(2307,1.7000210822206605)
(5072,1.7000210822206605)
(7279,1.7000210822206605)
(1382,1.7000210822206605)
(2240,1.7000210822206605)
(7088,1.7000210822206605)
(1593,1.7000210822206605)
(1444,1.7000210822206605)
(1103,1.7000210822206605)
(2504,1.7000210822206605)
(7168,1.7000210822206605)
(7632,1.7000210822206605)
(2724,1.7000210822206605)
(3164,1.7000210822206605)
(1769,1.7000210822206605)
(1622,1.7000210822206605)
(1919,1.7000210822206605)
(3796,1.7000210822206605)
(8083,1.7000210822206605)
(6243,1.7000210822206605)
(5103,1.7000210822206605)
(2662,1.7000210822206605)
(1781,1.7000210822206605)
(7301,1.7000210822206605)
(3243,1.7000210822206605)
(3099,1.7000210822206605)
(6262,1.7000210822206605)
(3958,1.7000210822206605)
(178,1.7000210822206605)
(4689,1.7000210822206605)
(7059,1.7000210822206605)
(765,1.7000210822206605)
(1592,1.7000210822206605)
(1437,1.7000210822206605)
(4940,1.7000210822206605)
(4315,1.7000210822206605)
(1982,1.7000210822206605)
(285,1.7000210822206605)
(4463,1.7000210822206605)
(1151,1.7000210822206605)
(2160,1.7000210822206605)
(5215,1.7000210822206605)
(2516,1.7000210822206605)
(2667,1.7000210822206605)
(80,1.7000210822206605)
(7910,1.7000210822206605)
(4263,1.7000210822206605)
(6875,1.7000210822206605)
(1758,1.7000210822206605)
(5289,1.7000210822206605)
(4055,1.7000210822206605)
(1707,1.7000210822206605)
(2999,1.7000210822206605)
(5745,1.7000210822206605)
(1520,1.7000210822206605)
(105,1.7000210822206605)
(3059,1.7000210822206605)
(7033,1.7000210822206605)
(8198,1.7000210822206605)
(7707,1.7000210822206605)
(3976,1.7000210822206605)
(5253,1.7000210822206605)
(3408,1.7000210822206605)
(5233,1.7000210822206605)
(4777,1.7000210822206605)
(4365,1.7000210822206605)
(1637,1.7000210822206605)
(1658,1.7000210822206605)
(2763,1.7000210822206605)
(2294,1.7000210822206605)
(2411,1.7000210822206605)
(1203,1.7000210822206605)
(2707,1.7000210822206605)
(3173,1.7000210822206605)
(6809,1.7000210822206605)
(2181,1.7000210822206605)
(5335,1.7000210822206605)
(1471,1.7000210822206605)
(4587,1.7000210822206605)
(822,1.7000210822206605)
(2825,1.7000210822206605)
(1156,1.7000210822206605)
(1489,1.7000210822206605)
(5002,1.7000210822206605)
(7529,1.7000210822206605)
(5773,1.7000210822206605)
(8192,1.7000210822206605)
(1985,1.7000210822206605)
(6388,1.7000210822206605)
(7023,1.7000210822206605)
(5969,1.7000210822206605)
(2193,1.7000210822206605)
(1537,1.7000210822206605)
(769,1.7000210822206605)
(3014,1.7000210822206605)
(7961,1.7000210822206605)
(2665,1.7000210822206605)
(2485,1.7000210822206605)
(6699,1.7000210822206605)
(545,1.7000210822206605)
(4536,1.7000210822206605)
(3027,1.7000210822206605)
(5463,1.7000210822206605)
(6422,1.7000210822206605)
(3937,1.7000210822206605)
(6576,1.7000210822206605)
(243,1.7000210822206605)
(1564,1.7000210822206605)
(3089,1.7000210822206605)
(7646,1.7000210822206605)
(5829,1.7000210822206605)
(1284,1.7000210822206605)
(2955,1.7000210822206605)
(6347,1.7000210822206605)
(2775,1.7000210822206605)
(3010,1.572539002108222)
(5144,1.572539002108222)
(1374,1.572539002108222)
(4654,1.572539002108222)
(7699,1.572539002108222)
(5123,1.572539002108222)
(4709,1.572539002108222)
(1697,1.572539002108222)
(3847,1.572539002108222)
(6334,1.572539002108222)
(5200,1.445039002108222)
(4661,1.445039002108222)
(1638,1.445039002108222)
(3140,0.850039002108222)
(5925,0.850039002108222)
(784,0.850039002108222)
(1167,0.850039002108222)
(322,0.850039002108222)
(5020,0.850039002108222)
(6930,0.850039002108222)
(6246,0.850039002108222)
(3130,0.850039002108222)
(3892,0.850039002108222)
(7144,0.850039002108222)
(8288,0.850039002108222)
(135,0.850039002108222)
(7757,0.850039002108222)
(6980,0.850039002108222)
(1935,0.850039002108222)
(600,0.850039002108222)
(613,0.850039002108222)
(4798,0.850039002108222)
(5412,0.850039002108222)
(4400,0.850039002108222)
(1403,0.850039002108222)
(7833,0.850039002108222)
(3529,0.850039002108222)
(4049,0.850039002108222)
(370,0.850039002108222)
(6,0.850039002108222)
(8292,0.850039002108222)
(7391,0.850039002108222)
(3776,0.850039002108222)
(5354,0.8500210822206605)
(1732,0.8500210822206605)
(3903,0.8500210822206605)
(2325,0.8500210822206605)
(6613,0.8500210822206605)
(2909,0.8500210822206605)
(3919,0.8500210822206605)
(1688,0.8500210822206605)
(5341,0.8500210822206605)
(219,0.8500210822206605)
(966,0.8500210822206605)
(4986,0.8500210822206605)
(5148,0.8500210822206605)
(7191,0.8500210822206605)
(1123,0.8500210822206605)
(3274,0.8500210822206605)
(6094,0.8500210822206605)
(1865,0.8500210822206605)
(1196,0.8500210822206605)
(633,0.8500210822206605)
(7662,0.8500210822206605)
(3873,0.8500210822206605)
(5106,0.8500210822206605)
(4613,0.8500210822206605)
(913,0.8500210822206605)
(8042,0.8500210822206605)
(2575,0.8500210822206605)
(3797,0.8500210822206605)
(1322,0.8500210822206605)
(3887,0.8500210822206605)
(1285,0.8500210822206605)
(1201,0.8500210822206605)
(2234,0.8500210822206605)
(2362,0.8500210822206605)
(2163,0.8500210822206605)
(2856,0.8500210822206605)
(5624,0.8500210822206605)
(2420,0.8500210822206605)
(1918,0.8500210822206605)
(2760,0.8500210822206605)
(5756,0.8500210822206605)
(763,0.8500210822206605)
(3458,0.8500210822206605)
(7979,0.8500210822206605)
(2001,0.8500210822206605)
(2241,0.8500210822206605)
(4706,0.8500210822206605)
(681,0.8500210822206605)
(6328,0.8500210822206605)
(1411,0.8500210822206605)
(4929,0.8500210822206605)
(8294,0.8500210822206605)
(7386,0.8500210822206605)
(5301,0.8500210822206605)
(4639,0.8500210822206605)
(7921,0.8500210822206605)
(1961,0.8500210822206605)
(4269,0.8500210822206605)
(2101,0.8500210822206605)
(2746,0.8500210822206605)
(3616,0.8500210822206605)
(5083,0.8500210822206605)
(682,0.8500210822206605)
(6712,0.8500210822206605)
(2091,0.8500210822206605)
(4422,0.8500210822206605)
(2324,0.8500210822206605)
(3498,0.8500210822206605)
(4432,0.8500210822206605)
(5199,0.8500210822206605)
(963,0.8500210822206605)
(3309,0.8500210822206605)
(8007,0.8500210822206605)
(35,0.8500210822206605)
(1542,0.8500210822206605)
(1497,0.8500210822206605)
(1990,0.8500210822206605)
(3200,0.8500210822206605)
(6491,0.8500210822206605)
(3483,0.8500210822206605)
(5439,0.8500210822206605)
(3433,0.8500210822206605)
(2371,0.8500210822206605)
(3812,0.8500210822206605)
(5671,0.8500210822206605)
(1241,0.8500210822206605)
(2805,0.8500210822206605)
(5588,0.8500210822206605)
(8275,0.8500210822206605)
(1901,0.8500210822206605)
(2708,0.8500210822206605)
(1903,0.8500210822206605)
(3150,0.8500210822206605)
(794,0.8500210822206605)
(5414,0.8500210822206605)
(2345,0.8500210822206605)
(5650,0.8500210822206605)
(2645,0.8500210822206605)
(7795,0.8500210822206605)
(2900,0.8500210822206605)
(844,0.8500210822206605)
(7882,0.8500210822206605)
(4981,0.8500210822206605)
(1446,0.8500210822206605)
(4811,0.8500210822206605)
(7517,0.8500210822206605)
(1442,0.8500210822206605)
(4134,0.8500210822206605)
(3144,0.8500210822206605)
(5415,0.8500210822206605)
(2799,0.8500210822206605)
(6765,0.8500210822206605)
(6618,0.8500210822206605)
(4044,0.8500210822206605)
(8028,0.8500210822206605)
(3806,0.8500210822206605)
(2157,0.8500210822206605)
(6029,0.8500210822206605)
(991,0.8500210822206605)
(604,0.8500210822206605)
(377,0.8500210822206605)
(3456,0.8500210822206605)
(6270,0.8500210822206605)
(4043,0.8500210822206605)
(1075,0.8500210822206605)
(6151,0.8500210822206605)
(2174,0.8500210822206605)
(2246,0.8500210822206605)
(6498,0.8500210822206605)
(6736,0.8500210822206605)
(6337,0.8500210822206605)
(6414,0.8500210822206605)
(6566,0.8500210822206605)
(4625,0.8500210822206605)
(3811,0.8500210822206605)
(559,0.8500210822206605)
(6788,0.8500210822206605)
(1603,0.8500210822206605)
(977,0.8500210822206605)
(5738,0.8500210822206605)
(2697,0.8500210822206605)
(6302,0.8500210822206605)
(3321,0.8500210822206605)
(1326,0.8500210822206605)
(670,0.8500210822206605)
(4341,0.8500210822206605)
(1389,0.8500210822206605)
(3050,0.8500210822206605)
(5837,0.8500210822206605)
(5466,0.8500210822206605)
(2475,0.8500210822206605)
(893,0.8500210822206605)
(1501,0.8500210822206605)
(2202,0.8500210822206605)
(2814,0.8500210822206605)
(2693,0.8500210822206605)
(2781,0.8500210822206605)
(948,0.8500210822206605)
(5994,0.8500210822206605)
(6305,0.8500210822206605)
(4235,0.8500210822206605)
(5767,0.8500210822206605)
(7073,0.8500210822206605)
(2276,0.8500210822206605)
(1032,0.8500210822206605)
(6080,0.8500210822206605)
(7855,0.8500210822206605)
(928,0.8500210822206605)
(6855,0.8500210822206605)
(5936,0.8500210822206605)
(7973,0.8500210822206605)
(3967,0.8500210822206605)
(3854,0.8500210822206605)
(1893,0.8500210822206605)
(3473,0.8500210822206605)
(3125,0.8500210822206605)
(394,0.8500210822206605)
(5155,0.8500210822206605)
(7587,0.8500210822206605)
(5971,0.8500210822206605)
(1991,0.8500210822206605)
(3459,0.8500210822206605)
(2764,0.8500210822206605)
(6685,0.8500210822206605)
(192,0.8500210822206605)
(3661,0.8500210822206605)
(6330,0.8500210822206605)
(878,0.8500210822206605)
(929,0.8500210822206605)
(3195,0.8500210822206605)
(5178,0.8500210822206605)
(8286,0.8500210822206605)
(6221,0.8500210822206605)
(5871,0.8500210822206605)
(415,0.8500210822206605)
(4588,0.8500210822206605)
(3792,0.8500210822206605)
(3417,0.8500210822206605)
(7101,0.8500210822206605)
(3020,0.8500210822206605)
(8148,0.8500210822206605)
(2612,0.8500210822206605)
(829,0.8500210822206605)
(4086,0.8500210822206605)
(5947,0.8500210822206605)
(1220,0.8500210822206605)
(6441,0.8500210822206605)
(896,0.8500210822206605)
(5255,0.8500210822206605)
(4471,0.8500210822206605)
(1857,0.8500210822206605)
(7351,0.8500210822206605)
(1587,0.8500210822206605)
(3720,0.8500210822206605)
(5430,0.8500210822206605)
(5679,0.8500210822206605)
(5683,0.8500210822206605)
(1513,0.8500210822206605)
(1482,0.8500210822206605)
(3393,0.8500210822206605)
(6641,0.8500210822206605)
(5500,0.8500210822206605)
(3591,0.8500210822206605)
(1664,0.8500210822206605)
(2333,0.8500210822206605)
(8237,0.8500210822206605)
(2736,0.8500210822206605)
(6001,0.8500210822206605)
(4040,0.8500210822206605)
(4011,0.8500210822206605)
(3643,0.8500210822206605)
(875,0.8500210822206605)
(54,0.8500210822206605)
(1131,0.8500210822206605)
(6924,0.8500210822206605)
(356,0.8500210822206605)
(1835,0.8500210822206605)
(3005,0.8500210822206605)
(2595,0.8500210822206605)
(1847,0.8500210822206605)
(4218,0.8500210822206605)
(1394,0.8500210822206605)
(761,0.8500210822206605)
(6427,0.8500210822206605)
(4417,0.8500210822206605)
(2547,0.8500210822206605)
(1247,0.8500210822206605)
(6025,0.8500210822206605)
(611,0.8500210822206605)
(2951,0.8500210822206605)
(5824,0.8500210822206605)
(2815,0.8500210822206605)
(1798,0.8500210822206605)
(465,0.8500210822206605)
(2652,0.8500210822206605)
(4653,0.8500210822206605)
(5902,0.8500210822206605)
(140,0.8500210822206605)
(5295,0.8500210822206605)
(2506,0.8500210822206605)
(5839,0.8500210822206605)
(1716,0.8500210822206605)
(1377,0.8500210822206605)
(3568,0.8500210822206605)
(5506,0.8500210822206605)
(4424,0.8500210822206605)
(2974,0.8500210822206605)
(1279,0.8500210822206605)
(1641,0.8500210822206605)
(6472,0.8500210822206605)
(5775,0.8500210822206605)
(5028,0.8500210822206605)
(6850,0.8500210822206605)
(3541,0.8500210822206605)
(7012,0.8500210822206605)
(5064,0.8500210822206605)
(694,0.8500210822206605)
(280,0.8500210822206605)
(587,0.8500210822206605)
(7195,0.8500210822206605)
(332,0.8500210822206605)
(2425,0.8500210822206605)
(4944,0.8500210822206605)
(5100,0.8500210822206605)
(4983,0.8500210822206605)
(2137,0.8500210822206605)
(6720,0.8500210822206605)
(3576,0.8500210822206605)
(3717,0.8500210822206605)
(7908,0.8500210822206605)
(4776,0.8500210822206605)
(1618,0.8500210822206605)
(2918,0.8500210822206605)
(7005,0.8500210822206605)
(2658,0.8500210822206605)
(960,0.8500210822206605)
(2242,0.8500210822206605)
(2073,0.8500210822206605)
(2062,0.8500210822206605)
(3092,0.8500210822206605)
(3807,0.8500210822206605)
(5737,0.8500210822206605)
(7996,0.8500210822206605)
(3104,0.8500210822206605)
(7879,0.8500210822206605)
(3629,0.8500210822206605)
(6979,0.8500210822206605)
(2479,0.8500210822206605)
(7295,0.8500210822206605)
(3956,0.8500210822206605)
(881,0.8500210822206605)
(1166,0.8500210822206605)
(6661,0.8500210822206605)
(8219,0.8500210822206605)
(8297,0.8500210822206605)
(2085,0.8500210822206605)
(2754,0.8500210822206605)
(684,0.8500210822206605)
(1323,0.8500210822206605)
(2014,0.8500210822206605)
(5568,0.8500210822206605)
(2365,0.8500210822206605)
(7108,0.8500210822206605)
(802,0.8500210822206605)
(7319,0.8500210822206605)
(1783,0.8500210822206605)
(6101,0.8500210822206605)
(2289,0.8500210822206605)
(4299,0.8500210822206605)
(967,0.8500210822206605)
(4574,0.8500210822206605)
(7054,0.8500210822206605)
(1029,0.8500210822206605)
(2116,0.8500210822206605)
(5037,0.8500210822206605)
(1714,0.8500210822206605)
(918,0.8500210822206605)
(2604,0.8500210822206605)
(5058,0.8500210822206605)
(7495,0.8500210822206605)
(3284,0.8500210822206605)
(1774,0.8500210822206605)
(4237,0.8500210822206605)
(4781,0.8500210822206605)
(1538,0.8500210822206605)
(6994,0.8500210822206605)
(663,0.8500210822206605)
(257,0.8500210822206605)
(1777,0.8500210822206605)
(2168,0.8500210822206605)
(1706,0.8500210822206605)
(6259,0.8500210822206605)
(1484,0.8500210822206605)
(2474,0.8500210822206605)
(3803,0.8500210822206605)
(3897,0.8500210822206605)
(1705,0.8500210822206605)
(1038,0.8500210822206605)
(6267,0.8500210822206605)
(979,0.8500210822206605)
(1734,0.8500210822206605)
(4297,0.8500210822206605)
(4168,0.8500210822206605)
(5141,0.8500210822206605)
(6714,0.8500210822206605)
(8015,0.8500210822206605)
(7277,0.8500210822206605)
(2940,0.8500210822206605)
(4124,0.8500210822206605)
(7292,0.8500210822206605)
(1956,0.8500210822206605)
(4468,0.8500210822206605)
(4728,0.8500210822206605)
(4827,0.8500210822206605)
(6700,0.8500210822206605)
(7389,0.8500210822206605)
(6528,0.8500210822206605)
(7510,0.8500210822206605)
(3489,0.8500210822206605)
(6090,0.8500210822206605)
(3607,0.8500210822206605)
(868,0.8500210822206605)
(4620,0.8500210822206605)
(1964,0.8500210822206605)
(4719,0.8500210822206605)
(1687,0.8500210822206605)
(6229,0.8500210822206605)
(93,0.8500210822206605)
(3835,0.8500210822206605)
(6306,0.8500210822206605)
(5055,0.8500210822206605)
(2669,0.8500210822206605)
(2004,0.8500210822206605)
(4266,0.8500210822206605)
(6078,0.8500210822206605)
(4220,0.8500210822206605)
(4541,0.8500210822206605)
(1992,0.8500210822206605)
(517,0.8500210822206605)
(930,0.8500210822206605)
(2338,0.8500210822206605)
(1718,0.8500210822206605)
(1230,0.8500210822206605)
(5605,0.8500210822206605)
(1425,0.8500210822206605)
(4831,0.8500210822206605)
(6789,0.8500210822206605)
(1984,0.8500210822206605)
(6790,0.8500210822206605)
(1772,0.8500210822206605)
(6481,0.8500210822206605)
(1729,0.8500210822206605)
(7734,0.8500210822206605)
(2777,0.8500210822206605)
(7982,0.8500210822206605)
(4171,0.8500210822206605)
(4846,0.8500210822206605)
(2066,0.8500210822206605)
(3291,0.8500210822206605)
(1679,0.8500210822206605)
(4713,0.8500210822206605)
(806,0.8500210822206605)
(2560,0.8500210822206605)
(4051,0.8500210822206605)
(2650,0.8500210822206605)
(3962,0.8500210822206605)
(6004,0.8500210822206605)
(147,0.8500210822206605)
(4605,0.8500210822206605)
(1416,0.8500210822206605)
(2305,0.8500210822206605)
(1190,0.8500210822206605)
(6904,0.8500210822206605)
(3461,0.8500210822206605)
(506,0.8500210822206605)
(8284,0.8500210822206605)
(1531,0.8500210822206605)
(6417,0.8500210822206605)
(1548,0.8500210822206605)
(290,0.8500210822206605)
(3724,0.8500210822206605)
(4234,0.8500210822206605)
(6976,0.8500210822206605)
(3942,0.8500210822206605)
(5801,0.8500210822206605)
(677,0.8500210822206605)
(4764,0.8500210822206605)
(6421,0.8500210822206605)
(2542,0.8500210822206605)
(3103,0.8500210822206605)
(3635,0.8500210822206605)
(673,0.8500210822206605)
(4820,0.8500210822206605)
(75,0.8500210822206605)
(1524,0.8500210822206605)
(8021,0.8500210822206605)
(5417,0.8500210822206605)
(514,0.8500210822206605)
(5933,0.8500210822206605)
(626,0.8500210822206605)
(6997,0.8500210822206605)
(7143,0.8500210822206605)
(6982,0.8500210822206605)
(3245,0.8500210822206605)
(3454,0.8500210822206605)
(8163,0.8500210822206605)
(3669,0.8500210822206605)
(2623,0.8500210822206605)
(2993,0.8500210822206605)
(7119,0.8500210822206605)
(2252,0.8500210822206605)
(5189,0.8500210822206605)
(3106,0.8500210822206605)
(1525,0.8500210822206605)
(1652,0.8500210822206605)
(859,0.8500210822206605)
(5511,0.8500210822206605)
(5790,0.8500210822206605)
(3849,0.8500210822206605)
(7042,0.8500210822206605)
(5454,0.8500210822206605)
(49,0.8500210822206605)
(4199,0.8500210822206605)
(4181,0.8500210822206605)
(32,0.8500210822206605)
(3830,0.8500210822206605)
(4189,0.8500210822206605)
(1432,0.8500210822206605)
(887,0.8500210822206605)
(2264,0.8500210822206605)
(7730,0.8500210822206605)
(4510,0.722539002108222)
(2991,0.722539002108222)
(5452,0.722539002108222)
(363,5.4234012649332404E-5)
(362,3.9002108222066064E-5)
(7047,3.9002108222066064E-5)
(1771,3.9002108222066064E-5)
(5061,3.9002108222066064E-5)
(7986,3.9002108222066064E-5)
(1200,3.9002108222066064E-5)
(2821,3.9002108222066064E-5)
(4401,3.9002108222066064E-5)
(4780,3.9002108222066064E-5)
(907,3.9002108222066064E-5)
(2340,3.9002108222066064E-5)
(6596,3.9002108222066064E-5)
(6955,3.9002108222066064E-5)
(1154,3.9002108222066064E-5)
(6161,3.9002108222066064E-5)
(3752,3.9002108222066064E-5)
(6323,3.9002108222066064E-5)
(227,3.9002108222066064E-5)
(2499,3.9002108222066064E-5)
(746,3.9002108222066064E-5)
(719,3.9002108222066064E-5)
(904,3.9002108222066064E-5)
(4646,3.9002108222066064E-5)
(8246,3.9002108222066064E-5)
(7306,3.9002108222066064E-5)
(3615,3.9002108222066064E-5)
(4551,2.108222066057625E-5)
(667,2.108222066057625E-5)
(5928,2.108222066057625E-5)
(4992,2.108222066057625E-5)
(5638,2.108222066057625E-5)
(6097,2.108222066057625E-5)
(1780,2.108222066057625E-5)
(2797,2.108222066057625E-5)
(2117,2.108222066057625E-5)
(5713,2.108222066057625E-5)
(6987,2.108222066057625E-5)
(7034,2.108222066057625E-5)
(6261,2.108222066057625E-5)
(2511,2.108222066057625E-5)
(1144,2.108222066057625E-5)
(3351,2.108222066057625E-5)
(5204,2.108222066057625E-5)
(5863,2.108222066057625E-5)
(2618,2.108222066057625E-5)
(6435,2.108222066057625E-5)
(2366,2.108222066057625E-5)
(1035,2.108222066057625E-5)
(8139,2.108222066057625E-5)
(7146,2.108222066057625E-5)
(406,2.108222066057625E-5)
(2819,2.108222066057625E-5)
(5533,2.108222066057625E-5)
(2591,2.108222066057625E-5)
(4173,2.108222066057625E-5)
(2332,2.108222066057625E-5)
(2653,2.108222066057625E-5)
(4779,2.108222066057625E-5)
(306,2.108222066057625E-5)
(4954,2.108222066057625E-5)
(2507,2.108222066057625E-5)
(1608,2.108222066057625E-5)
(6096,2.108222066057625E-5)
(8169,2.108222066057625E-5)
(5073,2.108222066057625E-5)
(7246,2.108222066057625E-5)
(4103,2.108222066057625E-5)
(5176,2.108222066057625E-5)
(5260,2.108222066057625E-5)
(163,2.108222066057625E-5)
(2079,2.108222066057625E-5)
(5620,2.108222066057625E-5)
(6552,2.108222066057625E-5)
(171,2.108222066057625E-5)
(5753,2.108222066057625E-5)
(8209,2.108222066057625E-5)
(2629,2.108222066057625E-5)
(1092,2.108222066057625E-5)
(4528,2.108222066057625E-5)
(2672,2.108222066057625E-5)
(2818,2.108222066057625E-5)
(6783,2.108222066057625E-5)
(958,2.108222066057625E-5)
(3105,2.108222066057625E-5)
(4047,2.108222066057625E-5)
(3338,2.108222066057625E-5)
(435,2.108222066057625E-5)
(274,2.108222066057625E-5)
(5614,2.108222066057625E-5)
(8282,2.108222066057625E-5)
(3885,2.108222066057625E-5)
(5033,2.108222066057625E-5)
(3921,2.108222066057625E-5)
(805,2.108222066057625E-5)
(817,2.108222066057625E-5)
(5784,2.108222066057625E-5)
(396,2.108222066057625E-5)
(1141,2.108222066057625E-5)
(7280,2.108222066057625E-5)
(627,2.108222066057625E-5)
(4298,2.108222066057625E-5)
(5635,2.108222066057625E-5)
(391,2.108222066057625E-5)
(7618,2.108222066057625E-5)
(349,2.108222066057625E-5)
(3646,2.108222066057625E-5)
(6098,2.108222066057625E-5)
(358,2.108222066057625E-5)
(5559,2.108222066057625E-5)
(4012,2.108222066057625E-5)
(853,2.108222066057625E-5)
(7149,2.108222066057625E-5)
(1861,2.108222066057625E-5)
(7683,2.108222066057625E-5)
(7652,2.108222066057625E-5)
(778,2.108222066057625E-5)
(8130,2.108222066057625E-5)
(4552,2.108222066057625E-5)
(3871,2.108222066057625E-5)
(6543,2.108222066057625E-5)
(5956,2.108222066057625E-5)
(4938,2.108222066057625E-5)
(3255,2.108222066057625E-5)
(4645,2.108222066057625E-5)
(7443,2.108222066057625E-5)
(4351,2.108222066057625E-5)
(6505,2.108222066057625E-5)
(3404,2.108222066057625E-5)
(3547,2.108222066057625E-5)
(3015,2.108222066057625E-5)
(5188,2.108222066057625E-5)
(5569,2.108222066057625E-5)
(1654,2.108222066057625E-5)
(8090,2.108222066057625E-5)
(7946,2.108222066057625E-5)
(3556,2.108222066057625E-5)
(7116,2.108222066057625E-5)
(2798,2.108222066057625E-5)
(5182,2.108222066057625E-5)
(8,2.108222066057625E-5)
(3888,2.108222066057625E-5)
(5726,2.108222066057625E-5)
(798,2.108222066057625E-5)
(1266,2.108222066057625E-5)
(3021,2.108222066057625E-5)
(6530,2.108222066057625E-5)
(606,2.108222066057625E-5)
(2128,2.108222066057625E-5)
(1396,2.108222066057625E-5)
(1653,2.108222066057625E-5)
(5827,2.108222066057625E-5)
(1023,2.108222066057625E-5)
(7813,2.108222066057625E-5)
(6769,2.108222066057625E-5)
(188,2.108222066057625E-5)
(2727,2.108222066057625E-5)
(6105,2.108222066057625E-5)
(895,2.108222066057625E-5)
(258,2.108222066057625E-5)
(2966,2.108222066057625E-5)
(1547,2.108222066057625E-5)
(5643,2.108222066057625E-5)
(4621,2.108222066057625E-5)
(38,2.108222066057625E-5)
(8044,2.108222066057625E-5)
(5527,2.108222066057625E-5)
(1969,2.108222066057625E-5)
(7991,2.108222066057625E-5)
(2580,2.108222066057625E-5)
(4188,2.108222066057625E-5)
(852,2.108222066057625E-5)
(167,2.108222066057625E-5)
(5309,2.108222066057625E-5)
(5835,2.108222066057625E-5)
(7588,2.108222066057625E-5)
(2925,2.108222066057625E-5)
(1692,2.108222066057625E-5)
(4578,2.108222066057625E-5)
(7799,2.108222066057625E-5)
(7262,2.108222066057625E-5)
(6632,2.108222066057625E-5)
(4999,2.108222066057625E-5)
(3567,2.108222066057625E-5)
(8165,2.108222066057625E-5)
(4183,2.108222066057625E-5)
(6278,2.108222066057625E-5)
(4748,2.108222066057625E-5)
(6856,2.108222066057625E-5)
(7508,2.108222066057625E-5)
(4013,2.108222066057625E-5)
(2619,2.108222066057625E-5)
(4650,2.108222066057625E-5)
(6624,2.108222066057625E-5)
(1648,2.108222066057625E-5)
(2253,2.108222066057625E-5)
(7647,2.108222066057625E-5)
(2134,2.108222066057625E-5)
(4783,2.108222066057625E-5)
(4355,2.108222066057625E-5)
(228,2.108222066057625E-5)
(8079,2.108222066057625E-5)
(1973,2.108222066057625E-5)
(2605,2.108222066057625E-5)
(1689,2.108222066057625E-5)
(1970,2.108222066057625E-5)
(7060,2.108222066057625E-5)
(8204,2.108222066057625E-5)
(252,2.108222066057625E-5)
(827,2.108222066057625E-5)
(1020,2.108222066057625E-5)
(7052,2.108222066057625E-5)
(8226,2.108222066057625E-5)
(5393,2.108222066057625E-5)
(2768,2.108222066057625E-5)
(3999,2.108222066057625E-5)
(6595,2.108222066057625E-5)
(1100,2.108222066057625E-5)
(1518,2.108222066057625E-5)
(2956,2.108222066057625E-5)
(5351,2.108222066057625E-5)
(6967,2.108222066057625E-5)
(2071,2.108222066057625E-5)
(7701,2.108222066057625E-5)
(1221,2.108222066057625E-5)
(1979,2.108222066057625E-5)
(3,2.108222066057625E-5)
(1498,2.108222066057625E-5)
(3266,2.108222066057625E-5)
(1888,2.108222066057625E-5)
(936,2.108222066057625E-5)
(750,2.108222066057625E-5)
(7491,2.108222066057625E-5)
(1884,2.108222066057625E-5)
(64,2.108222066057625E-5)
(7924,2.108222066057625E-5)
(1185,2.108222066057625E-5)
(6041,2.108222066057625E-5)
(3617,2.108222066057625E-5)
(6474,2.108222066057625E-5)
(6589,2.108222066057625E-5)
(3033,2.108222066057625E-5)
(1581,2.108222066057625E-5)
(1248,2.108222066057625E-5)
(5630,2.108222066057625E-5)
(6083,2.108222066057625E-5)
(6892,2.108222066057625E-5)
(3726,2.108222066057625E-5)
(3842,2.108222066057625E-5)
(3205,2.108222066057625E-5)
(1600,2.108222066057625E-5)
(6009,2.108222066057625E-5)
(2375,2.108222066057625E-5)
(6756,2.108222066057625E-5)
(313,2.108222066057625E-5)
(7323,2.108222066057625E-5)
(760,2.108222066057625E-5)
(2585,2.108222066057625E-5)
(371,2.108222066057625E-5)
(5449,2.108222066057625E-5)
(6707,2.108222066057625E-5)
(1814,2.108222066057625E-5)
(575,2.108222066057625E-5)
(5308,2.108222066057625E-5)
(7318,2.108222066057625E-5)
(5626,2.108222066057625E-5)
(1114,2.108222066057625E-5)
(3745,2.108222066057625E-5)
(5368,2.108222066057625E-5)
(3800,2.108222066057625E-5)
(250,2.108222066057625E-5)
(3813,2.108222066057625E-5)
(5392,2.108222066057625E-5)
(308,2.108222066057625E-5)
(8186,2.108222066057625E-5)
(691,2.108222066057625E-5)
(4980,2.108222066057625E-5)
(607,2.108222066057625E-5)
(8227,2.108222066057625E-5)
(4966,2.108222066057625E-5)
(2007,2.108222066057625E-5)
(2277,2.108222066057625E-5)
(61,2.108222066057625E-5)
(1236,2.108222066057625E-5)
(2990,2.108222066057625E-5)
(803,2.108222066057625E-5)
(6594,2.108222066057625E-5)
(392,2.108222066057625E-5)
(3671,2.108222066057625E-5)
(3691,2.108222066057625E-5)
(5513,2.108222066057625E-5)
(1260,2.108222066057625E-5)
(4797,2.108222066057625E-5)
(4212,2.108222066057625E-5)
(3465,2.108222066057625E-5)
(4359,2.108222066057625E-5)
(5298,2.108222066057625E-5)
(7362,2.108222066057625E-5)
(3822,2.108222066057625E-5)
(5240,2.108222066057625E-5)
(2973,2.108222066057625E-5)
(5950,2.108222066057625E-5)
(3258,2.108222066057625E-5)
(1261,2.108222066057625E-5)
(515,2.108222066057625E-5)
(2617,2.108222066057625E-5)
(5640,2.108222066057625E-5)
(2597,2.108222066057625E-5)
(2686,2.108222066057625E-5)
(389,2.108222066057625E-5)
(8128,2.108222066057625E-5)
(8043,2.108222066057625E-5)
(7422,2.108222066057625E-5)
(6670,2.108222066057625E-5)
(89,2.108222066057625E-5)
(7215,2.108222066057625E-5)
(6257,2.108222066057625E-5)
(4942,2.108222066057625E-5)
(5977,2.108222066057625E-5)
(5582,2.108222066057625E-5)
(10,2.108222066057625E-5)
(301,2.108222066057625E-5)
(4264,2.108222066057625E-5)
(995,2.108222066057625E-5)
(4323,2.108222066057625E-5)
(314,2.108222066057625E-5)
(3769,2.108222066057625E-5)
(749,2.108222066057625E-5)
(7512,2.108222066057625E-5)
(2258,2.108222066057625E-5)
(2076,2.108222066057625E-5)
(2828,2.108222066057625E-5)
(5323,2.108222066057625E-5)
(5121,2.108222066057625E-5)
(1612,2.108222066057625E-5)
(1514,2.108222066057625E-5)
(1476,2.108222066057625E-5)
(5514,2.108222066057625E-5)
(6686,2.108222066057625E-5)
(4583,2.108222066057625E-5)
(7400,2.108222066057625E-5)
(7359,2.108222066057625E-5)
(1950,2.108222066057625E-5)
(222,2.108222066057625E-5)
(793,2.108222066057625E-5)
(5694,2.108222066057625E-5)
(2638,2.108222066057625E-5)
(3313,2.108222066057625E-5)
(7237,2.108222066057625E-5)
(942,2.108222066057625E-5)
(5887,2.108222066057625E-5)
(3026,2.108222066057625E-5)
(823,2.108222066057625E-5)
(317,2.108222066057625E-5)
(4717,2.108222066057625E-5)
(1621,2.108222066057625E-5)
(6130,2.108222066057625E-5)
(5792,2.108222066057625E-5)
(4265,2.108222066057625E-5)
(1034,2.108222066057625E-5)
(668,2.108222066057625E-5)
(837,2.108222066057625E-5)
(6901,2.108222066057625E-5)
(6054,2.108222066057625E-5)
(2400,2.108222066057625E-5)
(3660,2.108222066057625E-5)
(7440,2.108222066057625E-5)
(564,2.108222066057625E-5)
(5326,2.108222066057625E-5)
(989,2.108222066057625E-5)
(3155,2.108222066057625E-5)
(5133,2.108222066057625E-5)
(5814,2.108222066057625E-5)
(1419,2.108222066057625E-5)
(1168,2.108222066057625E-5)
(4411,2.108222066057625E-5)
(7928,2.108222066057625E-5)
(2092,2.108222066057625E-5)
(5932,2.108222066057625E-5)
(741,2.108222066057625E-5)
(664,2.108222066057625E-5)
(3109,2.108222066057625E-5)
(4632,2.108222066057625E-5)
(1556,2.108222066057625E-5)
(2133,2.108222066057625E-5)
(7666,2.108222066057625E-5)
(5721,2.108222066057625E-5)
(3880,2.108222066057625E-5)
(6668,2.108222066057625E-5)
(1407,2.108222066057625E-5)
(3180,2.108222066057625E-5)
(3980,2.108222066057625E-5)
(1565,2.108222066057625E-5)
(368,2.108222066057625E-5)
(3293,2.108222066057625E-5)
(791,2.108222066057625E-5)
(236,2.108222066057625E-5)
(1555,2.108222066057625E-5)
(1218,2.108222066057625E-5)
(7439,2.108222066057625E-5)
(7691,2.108222066057625E-5)
(994,2.108222066057625E-5)
(1014,2.108222066057625E-5)
(2178,2.108222066057625E-5)
(2206,2.108222066057625E-5)
(8037,2.108222066057625E-5)
(5872,2.108222066057625E-5)
(7273,2.108222066057625E-5)
(2928,2.108222066057625E-5)
(1532,2.108222066057625E-5)
(3912,2.108222066057625E-5)
(1413,2.108222066057625E-5)
(432,2.108222066057625E-5)
(3971,2.108222066057625E-5)
(5350,2.108222066057625E-5)
(6409,2.108222066057625E-5)
(5487,2.108222066057625E-5)
(857,2.108222066057625E-5)
(2426,2.108222066057625E-5)
(2571,2.108222066057625E-5)
(6241,2.108222066057625E-5)
(3554,2.108222066057625E-5)
(2646,2.108222066057625E-5)
(2801,2.108222066057625E-5)
(3856,2.108222066057625E-5)
(488,2.108222066057625E-5)
(4276,2.108222066057625E-5)
(2322,2.108222066057625E-5)
(1496,2.108222066057625E-5)
(7534,2.108222066057625E-5)
(1858,2.108222066057625E-5)
(5570,2.108222066057625E-5)
(6869,2.108222066057625E-5)
(300,2.108222066057625E-5)
(1222,2.108222066057625E-5)
(4403,2.108222066057625E-5)
(658,2.108222066057625E-5)
(5631,2.108222066057625E-5)
(5655,2.108222066057625E-5)
(5146,2.108222066057625E-5)
(2926,2.108222066057625E-5)
(5972,2.108222066057625E-5)
(6663,2.108222066057625E-5)
(2326,2.108222066057625E-5)
(1024,2.108222066057625E-5)
(1791,2.108222066057625E-5)
(1569,2.108222066057625E-5)
(5306,2.108222066057625E-5)
(622,2.108222066057625E-5)
(5740,2.108222066057625E-5)
(6759,2.108222066057625E-5)
(743,2.108222066057625E-5)
(1915,2.108222066057625E-5)
(1549,2.108222066057625E-5)
(6590,2.108222066057625E-5)
(3804,2.108222066057625E-5)
(431,2.108222066057625E-5)
(1487,2.108222066057625E-5)
(1234,2.108222066057625E-5)
(2060,2.108222066057625E-5)
(2244,2.108222066057625E-5)
(2120,2.108222066057625E-5)
(5665,2.108222066057625E-5)
(2674,2.108222066057625E-5)
(1521,2.108222066057625E-5)
(1191,2.108222066057625E-5)
(5897,2.108222066057625E-5)
(1330,2.108222066057625E-5)
(1880,2.108222066057625E-5)
(659,2.108222066057625E-5)
(4778,2.108222066057625E-5)
(447,2.108222066057625E-5)
(3319,2.108222066057625E-5)
(1752,2.108222066057625E-5)
(6269,2.108222066057625E-5)
(2119,2.108222066057625E-5)
(6953,2.108222066057625E-5)
(5406,2.108222066057625E-5)
(1583,2.108222066057625E-5)
(1754,2.108222066057625E-5)
(3324,2.108222066057625E-5)
(4031,2.108222066057625E-5)
(636,2.108222066057625E-5)
(645,2.108222066057625E-5)
(1486,2.108222066057625E-5)
(4809,2.108222066057625E-5)
(3708,2.108222066057625E-5)
(419,2.108222066057625E-5)
(5998,2.108222066057625E-5)
(1833,2.108222066057625E-5)
(3808,2.108222066057625E-5)
(1997,2.108222066057625E-5)
(1055,2.108222066057625E-5)
(6993,2.108222066057625E-5)
(3429,2.108222066057625E-5)
(1030,2.108222066057625E-5)
(3911,2.108222066057625E-5)
(1124,2.108222066057625E-5)
(5709,2.108222066057625E-5)
(707,2.108222066057625E-5)
(6475,2.108222066057625E-5)
(6757,2.108222066057625E-5)
(643,2.108222066057625E-5)
(616,2.108222066057625E-5)
(6107,2.108222066057625E-5)
(3463,2.108222066057625E-5)
(3310,2.108222066057625E-5)
(1972,2.108222066057625E-5)
(8276,2.108222066057625E-5)
(4117,2.108222066057625E-5)
(999,2.108222066057625E-5)
(6570,2.108222066057625E-5)
(1619,2.108222066057625E-5)
(1286,2.108222066057625E-5)
(5780,2.108222066057625E-5)
(7381,2.108222066057625E-5)
(723,2.108222066057625E-5)
(4558,2.108222066057625E-5)
(1239,2.108222066057625E-5)
(6447,2.108222066057625E-5)
(5673,2.108222066057625E-5)
(6110,2.108222066057625E-5)
(3439,2.108222066057625E-5)
(6917,2.108222066057625E-5)
(7862,2.108222066057625E-5)
(5115,2.108222066057625E-5)
(2342,2.108222066057625E-5)
(1787,2.108222066057625E-5)
(5806,2.108222066057625E-5)
(8073,2.108222066057625E-5)
(7414,2.108222066057625E-5)
(261,2.108222066057625E-5)
(1485,2.108222066057625E-5)
(8033,2.108222066057625E-5)
(584,2.108222066057625E-5)
(4311,2.108222066057625E-5)
(1965,2.108222066057625E-5)
(1604,2.108222066057625E-5)
(6010,2.108222066057625E-5)
(5274,2.108222066057625E-5)
(706,2.108222066057625E-5)
(1039,2.108222066057625E-5)
(1571,2.108222066057625E-5)
(5012,2.108222066057625E-5)
(2922,2.108222066057625E-5)
(154,2.108222066057625E-5)
(4662,2.108222066057625E-5)
(5296,2.108222066057625E-5)
(687,2.108222066057625E-5)
(1610,2.108222066057625E-5)
(5782,2.108222066057625E-5)
(4014,2.108222066057625E-5)
(8050,2.108222066057625E-5)
(302,2.108222066057625E-5)
(4065,2.108222066057625E-5)
(94,2.108222066057625E-5)
(321,2.108222066057625E-5)
(6311,2.108222066057625E-5)
(5973,2.108222066057625E-5)
(696,2.108222066057625E-5)
(1165,2.108222066057625E-5)
(6501,2.108222066057625E-5)
(3623,2.108222066057625E-5)
(3969,2.108222066057625E-5)
(631,2.108222066057625E-5)
(2910,2.108222066057625E-5)
(3201,2.108222066057625E-5)
(1566,2.108222066057625E-5)
(1680,2.108222066057625E-5)
(224,2.108222066057625E-5)
(2700,2.108222066057625E-5)
(2713,2.108222066057625E-5)
(6464,2.108222066057625E-5)
(1472,2.108222066057625E-5)
(6762,2.108222066057625E-5)
(1287,2.108222066057625E-5)
(4879,2.108222066057625E-5)
(1321,2.108222066057625E-5)
(4162,2.108222066057625E-5)
(1077,2.108222066057625E-5)
(5882,2.108222066057625E-5)
(5991,2.108222066057625E-5)
(5434,2.108222066057625E-5)
(733,2.108222066057625E-5)
(3614,2.108222066057625E-5)
(7913,2.108222066057625E-5)
(7604,2.108222066057625E-5)
(6913,2.108222066057625E-5)
(7672,2.108222066057625E-5)
(6826,2.108222066057625E-5)
(742,2.108222066057625E-5)
(3009,2.108222066057625E-5)
(6027,2.108222066057625E-5)
(5807,2.108222066057625E-5)
(2902,2.108222066057625E-5)
(2570,2.108222066057625E-5)
(4896,2.108222066057625E-5)
(722,2.108222066057625E-5)
(1768,2.108222066057625E-5)
(1533,2.108222066057625E-5)
(6871,2.108222066057625E-5)
(4531,2.108222066057625E-5)
(3381,2.108222066057625E-5)
(56,2.108222066057625E-5)
(2811,2.108222066057625E-5)
(566,2.108222066057625E-5)
(6272,2.108222066057625E-5)
(4887,2.108222066057625E-5)
(1837,2.108222066057625E-5)
(4584,2.108222066057625E-5)
(3592,2.108222066057625E-5)
(2229,2.108222066057625E-5)
(5263,2.108222066057625E-5)
(2129,2.108222066057625E-5)
(7204,2.108222066057625E-5)
(2655,2.108222066057625E-5)
(8168,2.108222066057625E-5)
(864,2.108222066057625E-5)
(5529,2.108222066057625E-5)
(6225,2.108222066057625E-5)
(4009,2.108222066057625E-5)
(2552,2.108222066057625E-5)
(7222,2.108222066057625E-5)
(3926,2.108222066057625E-5)
(4303,2.108222066057625E-5)
(3193,2.108222066057625E-5)
(2165,2.108222066057625E-5)
(1137,2.108222066057625E-5)
(1757,2.108222066057625E-5)
(7669,2.108222066057625E-5)
(795,2.108222066057625E-5)
(346,2.108222066057625E-5)
(1097,2.108222066057625E-5)
(3772,2.108222066057625E-5)
(3538,2.108222066057625E-5)
(4866,2.108222066057625E-5)
(3320,2.108222066057625E-5)
(5838,2.108222066057625E-5)
(2607,2.108222066057625E-5)
(1250,2.108222066057625E-5)
(216,2.108222066057625E-5)
(5387,2.108222066057625E-5)
(1636,2.108222066057625E-5)
(3126,2.108222066057625E-5)
(8122,2.108222066057625E-5)
(6047,2.108222066057625E-5)
(1770,2.108222066057625E-5)
(5208,2.108222066057625E-5)
(2660,2.108222066057625E-5)
(8149,2.108222066057625E-5)
(8263,2.108222066057625E-5)
(3301,2.108222066057625E-5)
(5828,2.108222066057625E-5)
(1672,2.108222066057625E-5)
(1927,2.108222066057625E-5)
(840,2.108222066057625E-5)
(3036,2.108222066057625E-5)
(3410,2.108222066057625E-5)
(4561,2.108222066057625E-5)
(6511,2.108222066057625E-5)
(6628,2.108222066057625E-5)
(132,2.108222066057625E-5)
(6164,2.108222066057625E-5)
(7994,2.108222066057625E-5)
(1043,2.108222066057625E-5)
(5503,2.108222066057625E-5)
(2647,2.108222066057625E-5)
(1305,2.108222066057625E-5)
(5584,2.108222066057625E-5)
(2381,2.108222066057625E-5)
(3843,2.108222066057625E-5)
(8212,2.108222066057625E-5)
(4058,2.108222066057625E-5)
(4530,2.108222066057625E-5)
(4412,2.108222066057625E-5)
(6021,2.108222066057625E-5)
(5226,2.108222066057625E-5)
(1439,2.108222066057625E-5)
(3939,2.108222066057625E-5)
(1357,2.108222066057625E-5)
(1510,2.108222066057625E-5)
(5267,2.108222066057625E-5)
(866,2.108222066057625E-5)
(4466,2.108222066057625E-5)
(8271,2.108222066057625E-5)
(2223,2.108222066057625E-5)
(7289,2.108222066057625E-5)
(7634,2.108222066057625E-5)
(955,2.108222066057625E-5)
(6023,2.108222066057625E-5)
(5639,2.108222066057625E-5)
(6721,2.108222066057625E-5)
(1018,2.108222066057625E-5)
(657,2.108222066057625E-5)
(908,2.108222066057625E-5)
(2794,2.108222066057625E-5)
(5239,2.108222066057625E-5)
(2369,2.108222066057625E-5)
(982,2.108222066057625E-5)
(6682,2.108222066057625E-5)
(619,2.108222066057625E-5)
(6611,2.108222066057625E-5)
(3237,2.108222066057625E-5)
(4021,2.108222066057625E-5)
(4946,2.108222066057625E-5)
(3464,2.108222066057625E-5)
(5684,2.108222066057625E-5)
(873,2.108222066057625E-5)
(8283,2.108222066057625E-5)
(3084,2.108222066057625E-5)
(7094,2.108222066057625E-5)
(7909,2.108222066057625E-5)
(1557,2.108222066057625E-5)
(5706,2.108222066057625E-5)
(7952,2.108222066057625E-5)
(1490,2.108222066057625E-5)
(3007,2.108222066057625E-5)
(1053,2.108222066057625E-5)
(7688,2.108222066057625E-5)
(204,2.108222066057625E-5)
(956,2.108222066057625E-5)
(291,2.108222066057625E-5)
(3809,2.108222066057625E-5)
(3973,2.108222066057625E-5)
(1393,2.108222066057625E-5)
(6778,2.108222066057625E-5)
(7297,2.108222066057625E-5)
(6840,2.108222066057625E-5)
(2912,2.108222066057625E-5)
(3191,2.108222066057625E-5)
(1468,2.108222066057625E-5)
(1678,2.108222066057625E-5)
(836,2.108222066057625E-5)
(6755,2.108222066057625E-5)
(379,2.108222066057625E-5)
(959,2.108222066057625E-5)
(7624,2.108222066057625E-5)
(2205,2.108222066057625E-5)
(1300,2.108222066057625E-5)
(359,2.108222066057625E-5)
(8285,2.108222066057625E-5)
(3737,2.108222066057625E-5)
(2281,2.108222066057625E-5)
(601,2.108222066057625E-5)
(6592,2.108222066057625E-5)
(4435,2.108222066057625E-5)
(6945,2.108222066057625E-5)
(6948,2.108222066057625E-5)
(4289,2.108222066057625E-5)
(1730,2.108222066057625E-5)
(3946,2.108222066057625E-5)
(348,2.108222066057625E-5)
(3549,2.108222066057625E-5)
(6532,2.108222066057625E-5)
(3435,2.108222066057625E-5)
(1418,2.108222066057625E-5)
(5499,2.108222066057625E-5)
(7254,2.108222066057625E-5)
(7407,2.108222066057625E-5)
(981,2.108222066057625E-5)
(6724,2.108222066057625E-5)
(3029,2.108222066057625E-5)
(2696,2.108222066057625E-5)
(8296,2.108222066057625E-5)
(7393,2.108222066057625E-5)
(2053,2.108222066057625E-5)
(897,2.108222066057625E-5)
(2809,2.108222066057625E-5)
(3785,2.108222066057625E-5)
(3664,2.108222066057625E-5)
(2689,2.108222066057625E-5)
(7583,2.108222066057625E-5)
(5043,2.108222066057625E-5)
(5285,2.108222066057625E-5)
(3447,2.108222066057625E-5)
(5922,2.108222066057625E-5)
(2679,2.108222066057625E-5)
(6965,2.108222066057625E-5)
(4815,2.108222066057625E-5)
(319,2.108222066057625E-5)
(1253,2.108222066057625E-5)
(1802,2.108222066057625E-5)
(5364,2.108222066057625E-5)
(6923,2.108222066057625E-5)
(3832,2.108222066057625E-5)
(5809,2.108222066057625E-5)
(4677,2.108222066057625E-5)
(6599,2.108222066057625E-5)
(6376,2.108222066057625E-5)
(6897,2.108222066057625E-5)
(36,2.108222066057625E-5)
(6166,2.108222066057625E-5)
(7675,2.108222066057625E-5)
(5469,2.108222066057625E-5)
(3346,2.108222066057625E-5)
(3770,2.108222066057625E-5)
(3933,2.108222066057625E-5)
(4684,2.108222066057625E-5)
(373,2.108222066057625E-5)
(7695,2.108222066057625E-5)
(1971,2.108222066057625E-5)
(3171,2.108222066057625E-5)
(4580,2.108222066057625E-5)
(1823,2.108222066057625E-5)
(7648,2.108222066057625E-5)
(6933,2.108222066057625E-5)
(885,2.108222066057625E-5)
(1006,2.108222066057625E-5)
(5467,2.108222066057625E-5)
(5312,2.108222066057625E-5)
(4072,2.108222066057625E-5)
(1192,2.108222066057625E-5)
(5426,2.108222066057625E-5)
(5026,2.108222066057625E-5)
(1420,2.108222066057625E-5)
(1585,2.108222066057625E-5)
(372,2.108222066057625E-5)
(4993,2.108222066057625E-5)
(937,2.108222066057625E-5)
(7574,2.108222066057625E-5)
(4547,2.108222066057625E-5)
(1007,2.108222066057625E-5)
(5800,2.108222066057625E-5)
(4550,2.108222066057625E-5)
(2257,2.108222066057625E-5)
(8038,2.108222066057625E-5)
(943,2.108222066057625E-5)
(6680,2.108222066057625E-5)
(378,2.108222066057625E-5)
(6235,2.108222066057625E-5)
(3557,2.108222066057625E-5)
(273,2.108222066057625E-5)
(6407,2.108222066057625E-5)
(1378,2.108222066057625E-5)
(609,2.108222066057625E-5)
(130,2.108222066057625E-5)
(2145,2.108222066057625E-5)
(7642,2.108222066057625E-5)
(2209,2.108222066057625E-5)
(2751,2.108222066057625E-5)
(2981,2.108222066057625E-5)
(5822,2.108222066057625E-5)
(3297,2.108222066057625E-5)
(1507,2.108222066057625E-5)
(1629,2.108222066057625E-5)
(6571,2.108222066057625E-5)
(5705,2.108222066057625E-5)
(2106,2.108222066057625E-5)
(3276,2.108222066057625E-5)
(5798,2.108222066057625E-5)
(7341,2.108222066057625E-5)
(4604,2.108222066057625E-5)
(7365,2.108222066057625E-5)
(2423,2.108222066057625E-5)
(7162,2.108222066057625E-5)
(2097,2.108222066057625E-5)
(7690,2.108222066057625E-5)
(341,2.108222066057625E-5)
(2687,2.108222066057625E-5)
(1140,2.108222066057625E-5)
(7316,2.108222066057625E-5)
(5271,2.108222066057625E-5)
(4987,2.108222066057625E-5)
(7243,2.108222066057625E-5)
(7651,2.108222066057625E-5)
(6934,2.108222066057625E-5)
(422,2.108222066057625E-5)
(1805,2.108222066057625E-5)
(3455,2.108222066057625E-5)
(3875,2.108222066057625E-5)
(2422,2.108222066057625E-5)
(5539,2.108222066057625E-5)
(226,2.108222066057625E-5)
(1128,2.108222066057625E-5)
(1282,2.108222066057625E-5)
(403,2.108222066057625E-5)
(5802,2.108222066057625E-5)
(637,2.108222066057625E-5)
(4876,2.108222066057625E-5)
(7658,2.108222066057625E-5)
(2838,2.108222066057625E-5)
(5363,2.108222066057625E-5)
(6307,2.108222066057625E-5)
(1125,2.108222066057625E-5)
(5471,2.108222066057625E-5)
(127,2.108222066057625E-5)
(1597,2.108222066057625E-5)
(3251,2.108222066057625E-5)
(6111,2.108222066057625E-5)
(4899,2.108222066057625E-5)
(5044,2.108222066057625E-5)
(2844,2.108222066057625E-5)
(7726,2.108222066057625E-5)
(2378,2.108222066057625E-5)
(8277,2.108222066057625E-5)
(2364,2.108222066057625E-5)
(764,2.108222066057625E-5)
(5926,2.108222066057625E-5)
(4071,2.108222066057625E-5)
(6777,2.108222066057625E-5)
(7791,2.108222066057625E-5)
(6340,2.108222066057625E-5)
(23,2.108222066057625E-5)
(2210,2.108222066057625E-5)
(7653,2.108222066057625E-5)
(8175,2.108222066057625E-5)
(5442,2.108222066057625E-5)
(3867,2.108222066057625E-5)
(7186,2.108222066057625E-5)
(1435,2.108222066057625E-5)
(5075,2.108222066057625E-5)
(7423,2.108222066057625E-5)
(7063,2.108222066057625E-5)
(2435,2.108222066057625E-5)
(3080,2.108222066057625E-5)
(4712,2.108222066057625E-5)
(4483,2.108222066057625E-5)
(2914,2.108222066057625E-5)
(2356,2.108222066057625E-5)
(1127,2.108222066057625E-5)
(311,2.108222066057625E-5)
(6772,2.108222066057625E-5)
(1793,2.108222066057625E-5)
(6174,2.108222066057625E-5)
(4290,2.108222066057625E-5)
(4539,2.108222066057625E-5)
(1315,2.108222066057625E-5)
(4332,2.108222066057625E-5)
(7819,2.108222066057625E-5)
(647,2.108222066057625E-5)
(29,2.108222066057625E-5)
(7257,2.108222066057625E-5)
(7185,2.108222066057625E-5)
(3609,2.108222066057625E-5)
(6437,2.108222066057625E-5)
(2484,2.108222066057625E-5)
(1662,2.108222066057625E-5)
(1074,2.108222066057625E-5)
(4088,2.108222066057625E-5)
(339,2.108222066057625E-5)
(7740,2.108222066057625E-5)
(1747,2.108222066057625E-5)
(7040,2.108222066057625E-5)
(1240,2.108222066057625E-5)
(1819,2.108222066057625E-5)
(5664,2.108222066057625E-5)
(4962,2.108222066057625E-5)
(2765,2.108222066057625E-5)
(748,2.108222066057625E-5)
(7250,2.108222066057625E-5)
(938,2.108222066057625E-5)
(7493,2.108222066057625E-5)
(4068,2.108222066057625E-5)
(2996,2.108222066057625E-5)
(5663,2.108222066057625E-5)
(3028,2.108222066057625E-5)
(932,2.108222066057625E-5)
(6360,2.108222066057625E-5)
(2510,2.108222066057625E-5)
(4078,2.108222066057625E-5)
(3023,2.108222066057625E-5)
(3409,2.108222066057625E-5)
(2231,2.108222066057625E-5)
(810,2.108222066057625E-5)
(6951,2.108222066057625E-5)
(934,2.108222066057625E-5)
(255,2.108222066057625E-5)
(590,2.108222066057625E-5)
(427,2.108222066057625E-5)
(4658,2.108222066057625E-5)
(246,2.108222066057625E-5)
(7120,2.108222066057625E-5)
(579,2.108222066057625E-5)
(650,2.108222066057625E-5)
(1700,2.108222066057625E-5)
(7387,2.108222066057625E-5)
(4030,2.108222066057625E-5)
(6567,2.108222066057625E-5)
(3114,2.108222066057625E-5)
(1864,2.108222066057625E-5)
(674,2.108222066057625E-5)
(8025,2.108222066057625E-5)
(7797,2.108222066057625E-5)
(7881,2.108222066057625E-5)
(3363,2.108222066057625E-5)
(1493,2.108222066057625E-5)
(7561,2.108222066057625E-5)
(1657,2.108222066057625E-5)
(5362,2.108222066057625E-5)
(7788,2.108222066057625E-5)
(624,2.108222066057625E-5)
(3271,2.108222066057625E-5)
(6043,2.108222066057625E-5)
(5303,2.108222066057625E-5)
(2225,2.108222066057625E-5)
(4527,2.108222066057625E-5)
(168,2.108222066057625E-5)
(5880,2.108222066057625E-5)
(4331,2.108222066057625E-5)
(4216,2.108222066057625E-5)
(4795,2.108222066057625E-5)
(6055,2.108222066057625E-5)
(2341,2.108222066057625E-5)
(1372,2.108222066057625E-5)
(5388,2.108222066057625E-5)
(2834,2.108222066057625E-5)
(717,2.108222066057625E-5)
(2592,2.108222066057625E-5)
(5592,2.108222066057625E-5)
(7708,2.108222066057625E-5)
(7567,2.108222066057625E-5)
(813,2.108222066057625E-5)
(5045,2.108222066057625E-5)
(4631,2.108222066057625E-5)
(3446,2.108222066057625E-5)
(2589,2.108222066057625E-5)
(6606,2.108222066057625E-5)
(4822,2.108222066057625E-5)
(617,2.108222066057625E-5)
(2072,2.108222066057625E-5)
(7436,2.108222066057625E-5)
(1633,2.108222066057625E-5)
(1160,2.108222066057625E-5)
(6858,2.108222066057625E-5)
(6198,2.108222066057625E-5)
(2958,2.108222066057625E-5)
(4233,2.108222066057625E-5)
(7533,2.108222066057625E-5)
(6568,2.108222066057625E-5)
(3949,2.108222066057625E-5)
(5832,2.108222066057625E-5)
(7397,2.108222066057625E-5)
(8089,2.108222066057625E-5)
(1808,2.108222066057625E-5)
(3922,2.108222066057625E-5)
(5754,2.108222066057625E-5)
(4481,2.108222066057625E-5)
(1816,2.108222066057625E-5)
(338,2.108222066057625E-5)
(2721,2.108222066057625E-5)
(1749,2.108222066057625E-5)
(7315,2.108222066057625E-5)
(3974,2.108222066057625E-5)
(5850,2.108222066057625E-5)
(968,2.108222066057625E-5)
(4534,2.108222066057625E-5)
(2135,2.108222066057625E-5)
(5273,2.108222066057625E-5)
(4562,2.108222066057625E-5)
(3520,2.108222066057625E-5)
(3000,2.108222066057625E-5)
(675,2.108222066057625E-5)
(150,2.108222066057625E-5)
(6149,2.108222066057625E-5)
(7735,2.108222066057625E-5)
(2247,2.108222066057625E-5)
(7074,2.108222066057625E-5)
(7590,2.108222066057625E-5)
(1243,2.108222066057625E-5)
(304,2.108222066057625E-5)
(6321,2.108222066057625E-5)
(3548,2.108222066057625E-5)
(1792,2.108222066057625E-5)
(298,2.108222066057625E-5)
(6088,2.108222066057625E-5)
(1987,2.108222066057625E-5)
(6344,2.108222066057625E-5)
(5772,2.108222066057625E-5)
(1799,2.108222066057625E-5)
(3073,2.108222066057625E-5)
(5743,2.108222066057625E-5)
(744,2.108222066057625E-5)
(906,2.108222066057625E-5)
(3914,2.108222066057625E-5)
(2121,2.108222066057625E-5)
(6279,2.108222066057625E-5)
(8289,2.108222066057625E-5)
(4786,2.108222066057625E-5)
(4231,2.108222066057625E-5)
(7668,2.108222066057625E-5)
(1573,2.108222066057625E-5)
(6920,2.108222066057625E-5)
(7506,2.108222066057625E-5)
(1232,2.108222066057625E-5)
(5421,2.108222066057625E-5)
(6983,2.108222066057625E-5)
(182,2.108222066057625E-5)
(3394,2.108222066057625E-5)
(6124,2.108222066057625E-5)
(618,2.108222066057625E-5)
(2112,2.108222066057625E-5)
(2055,2.108222066057625E-5)
(1375,2.108222066057625E-5)
(6621,2.108222066057625E-5)
(2386,2.108222066057625E-5)
(1788,2.108222066057625E-5)
(4521,2.108222066057625E-5)
(6462,2.108222066057625E-5)
(7673,2.108222066057625E-5)
(3068,2.108222066057625E-5)
(8019,2.108222066057625E-5)
(1953,2.108222066057625E-5)
(4219,2.108222066057625E-5)
(5757,2.108222066057625E-5)
(7992,2.108222066057625E-5)
(2329,2.108222066057625E-5)
(700,2.108222066057625E-5)
(861,2.108222066057625E-5)
(3893,2.108222066057625E-5)
(429,2.108222066057625E-5)
(350,2.108222066057625E-5)
(2195,2.108222066057625E-5)
(1848,2.108222066057625E-5)
(6251,2.108222066057625E-5)
(7442,2.108222066057625E-5)
(2410,2.108222066057625E-5)
(5776,2.108222066057625E-5)
(1966,2.108222066057625E-5)
(849,2.108222066057625E-5)
(3145,2.108222066057625E-5)
(3555,2.108222066057625E-5)
(589,2.108222066057625E-5)
(1353,2.108222066057625E-5)
(4964,2.108222066057625E-5)
(4678,2.108222066057625E-5)
(4386,2.108222066057625E-5)
(820,2.108222066057625E-5)
(2968,2.108222066057625E-5)
(2109,2.108222066057625E-5)
(4389,2.108222066057625E-5)
(1920,2.108222066057625E-5)
(5623,2.108222066057625E-5)
(7874,2.108222066057625E-5)
(1291,2.108222066057625E-5)
(2350,2.108222066057625E-5)
(6813,2.108222066057625E-5)
(4385,2.108222066057625E-5)
(7965,2.108222066057625E-5)
(4953,2.108222066057625E-5)
(4127,2.108222066057625E-5)
(5564,2.108222066057625E-5)
(6715,2.108222066057625E-5)
(839,2.108222066057625E-5)
(7810,2.108222066057625E-5)
(826,2.108222066057625E-5)
(4111,2.108222066057625E-5)
(5886,2.108222066057625E-5)
(3479,2.108222066057625E-5)
(5310,2.108222066057625E-5)
(2979,2.108222066057625E-5)
(3082,2.108222066057625E-5)
(1669,2.108222066057625E-5)
(1061,2.108222066057625E-5)
(3680,2.108222066057625E-5)
(697,2.108222066057625E-5)
(945,2.108222066057625E-5)
(2385,2.108222066057625E-5)
(8235,2.108222066057625E-5)
(2083,2.108222066057625E-5)
(8224,2.108222066057625E-5)
(5793,2.108222066057625E-5)
(704,2.108222066057625E-5)
(4441,2.108222066057625E-5)
(1983,2.108222066057625E-5)
(903,2.108222066057625E-5)
(5778,2.108222066057625E-5)
(882,2.108222066057625E-5)
(2830,2.108222066057625E-5)
(1649,2.108222066057625E-5)
(2102,2.108222066057625E-5)
(3908,2.108222066057625E-5)
(8132,2.108222066057625E-5)
(2977,2.108222066057625E-5)
(971,2.108222066057625E-5)
(6529,2.108222066057625E-5)
(4485,2.108222066057625E-5)
(425,2.108222066057625E-5)
(325,2.108222066057625E-5)
(4880,2.108222066057625E-5)
(4529,2.108222066057625E-5)
(3681,2.108222066057625E-5)
(983,2.108222066057625E-5)
(2233,2.108222066057625E-5)
(1955,2.108222066057625E-5)
(4254,2.108222066057625E-5)
(7110,2.108222066057625E-5)
(2620,2.108222066057625E-5)
(8024,2.108222066057625E-5)
(7373,2.108222066057625E-5)
(6623,2.108222066057625E-5)
(3787,2.108222066057625E-5)
(5817,2.108222066057625E-5)
(5132,2.108222066057625E-5)
(586,2.108222066057625E-5)
(428,2.108222066057625E-5)
(5145,2.108222066057625E-5)
(3002,2.108222066057625E-5)
(6803,2.108222066057625E-5)
(3670,2.108222066057625E-5)
(6032,2.108222066057625E-5)
(7809,2.108222066057625E-5)
(5481,2.108222066057625E-5)
(30,2.108222066057625E-5)
(4211,2.108222066057625E-5)
(3253,2.108222066057625E-5)
(592,2.108222066057625E-5)
(4814,2.108222066057625E-5)
(7434,2.108222066057625E-5)
(3825,2.108222066057625E-5)
(3452,2.108222066057625E-5)
(5844,2.108222066057625E-5)
(8068,2.108222066057625E-5)
(7899,2.108222066057625E-5)
(2678,2.108222066057625E-5)
(7498,2.108222066057625E-5)
(2069,2.108222066057625E-5)
(8225,2.108222066057625E-5)
(3285,2.108222066057625E-5)
(7839,2.108222066057625E-5)
(686,2.108222066057625E-5)
(1492,2.108222066057625E-5)
(6106,2.108222066057625E-5)
(1733,2.108222066057625E-5)
(421,2.108222066057625E-5)
(2720,2.108222066057625E-5)
(2409,2.108222066057625E-5)
(6938,2.108222066057625E-5)
(2579,2.108222066057625E-5)
(2348,2.108222066057625E-5)
(7290,2.108222066057625E-5)
(7520,2.108222066057625E-5)
(1352,2.108222066057625E-5)
(7161,2.108222066057625E-5)
(985,2.108222066057625E-5)
(7694,2.108222066057625E-5)
(5311,2.108222066057625E-5)
(5860,2.108222066057625E-5)
(1270,2.108222066057625E-5)
(1012,2.108222066057625E-5)
(8290,2.108222066057625E-5)
(4482,2.108222066057625E-5)
(5120,2.108222066057625E-5)
(779,2.108222066057625E-5)
(2416,2.108222066057625E-5)
(5980,2.108222066057625E-5)
(5955,2.108222066057625E-5)
(440,2.108222066057625E-5)
(1478,2.108222066057625E-5)
(856,2.108222066057625E-5)
(2376,2.108222066057625E-5)
(2384,2.108222066057625E-5)
(7490,2.108222066057625E-5)
(6554,2.108222066057625E-5)
(4272,2.108222066057625E-5)
(3256,2.108222066057625E-5)
(538,2.108222066057625E-5)
(972,2.108222066057625E-5)
(710,2.108222066057625E-5)
(6723,2.108222066057625E-5)
(871,2.108222066057625E-5)
(1836,2.108222066057625E-5)
(8124,2.108222066057625E-5)
(4138,2.108222066057625E-5)
(554,2.108222066057625E-5)
(946,2.108222066057625E-5)
(7857,2.108222066057625E-5)
(1465,2.108222066057625E-5)
(5830,2.108222066057625E-5)
(2501,2.108222066057625E-5)
(108,2.108222066057625E-5)
(1595,2.108222066057625E-5)
(7636,2.108222066057625E-5)
(6860,2.108222066057625E-5)
(4715,2.108222066057625E-5)
(3580,2.108222066057625E-5)
(4991,2.108222066057625E-5)
(324,2.108222066057625E-5)
(5457,2.108222066057625E-5)
(1060,2.108222066057625E-5)
(390,2.108222066057625E-5)
(628,2.108222066057625E-5)
(6503,2.108222066057625E-5)
(4544,2.108222066057625E-5)
(6950,2.108222066057625E-5)
(5637,2.108222066057625E-5)
(5931,2.108222066057625E-5)
(3701,2.108222066057625E-5)
(6725,2.108222066057625E-5)
(7957,2.108222066057625E-5)
(2843,2.108222066057625E-5)
(3816,2.108222066057625E-5)
(581,2.108222066057625E-5)
(6942,2.108222066057625E-5)
(6806,2.108222066057625E-5)
(7840,2.108222066057625E-5)
(310,2.108222066057625E-5)
(5465,2.108222066057625E-5)
(8058,2.108222066057625E-5)
(7497,2.108222066057625E-5)
(2599,2.108222066057625E-5)
(6890,2.108222066057625E-5)
(439,2.108222066057625E-5)
(5177,2.108222066057625E-5)
(1022,2.108222066057625E-5)
(6109,2.108222066057625E-5)
(730,2.108222066057625E-5)
(2016,2.108222066057625E-5)
(5811,2.108222066057625E-5)
(6681,2.108222066057625E-5)
(6805,2.108222066057625E-5)
(7304,2.108222066057625E-5)
(7557,2.108222066057625E-5)
(4413,2.108222066057625E-5)
(7449,2.108222066057625E-5)
(705,2.108222066057625E-5)
(6873,2.108222066057625E-5)
(286,2.108222066057625E-5)
(6918,2.108222066057625E-5)
(1152,2.108222066057625E-5)
(6320,2.108222066057625E-5)
(2456,2.108222066057625E-5)
(6791,2.108222066057625E-5)
(3453,2.108222066057625E-5)
(7544,2.108222066057625E-5)
(3138,2.108222066057625E-5)
(433,2.108222066057625E-5)
(19,2.108222066057625E-5)
(2670,2.108222066057625E-5)
(4648,2.108222066057625E-5)
(5246,2.108222066057625E-5)
(6226,2.108222066057625E-5)
(4488,2.108222066057625E-5)
(525,2.108222066057625E-5)
(6170,2.108222066057625E-5)
(3506,2.108222066057625E-5)
(5470,2.108222066057625E-5)
(3486,2.108222066057625E-5)
(5739,2.108222066057625E-5)
(5651,2.108222066057625E-5)
(4886,2.108222066057625E-5)
(3376,2.108222066057625E-5)
(7765,2.108222066057625E-5)
(7062,2.108222066057625E-5)
(7201,2.108222066057625E-5)
(1164,2.108222066057625E-5)
(2211,2.108222066057625E-5)
(725,2.108222066057625E-5)
(1506,2.108222066057625E-5)
(2440,2.108222066057625E-5)
(947,2.108222066057625E-5)
(405,2.108222066057625E-5)
(1000,2.108222066057625E-5)
(7593,2.108222066057625E-5)
(6162,2.108222066057625E-5)
(1628,2.108222066057625E-5)
(5799,2.108222066057625E-5)
(183,2.108222066057625E-5)
(4024,2.108222066057625E-5)
(4934,2.108222066057625E-5)
(6553,2.108222066057625E-5)
(5848,2.108222066057625E-5)
